language;number of speakers;percent;empty1;empty2;empty3;
абазинским;37831;881;0;0,03;;
абхазским;6786;40;0;0,00;;
аварским;715297;64816;1;0,52;;
агульским;29287;1593;0;0,02;;
адыгейским;117489;3047;0;0,08;;
адыгским;1974;24;0;0,00;;
азербайджанским;473044;15046;0;0,34;;
айнским;35;1;0;0,00;;
алабугатско-татарским;1144;10;0;0,00;;
албанским ;1209;6;0;0,00;;
алеутским;45;-;0;0,00;;
алтайским ;55720;3874;0;0,04;;
алюторским ;25;-;0;0,00;;
амхарским ;311;2;0;0,00;;
английским ;7574303;52557;5;5,48;;
ангольским;104;1;0;0,00;;
андийским ;5800;344;0;0,00;;
арабским ;46750;222;0;0,03;;
армянским ;660935;6634;0;0,48;;
арчинским;970;100;0;0,00;;
ассамским;5;-;0;0,00;;
ассирийским ;4466;13;0;0,00;;
африкаанс ;192;3;0;0,00;;
ахвахским;210;13;0;0,00;;
ашанти;3;1;0;0,00;;
багвалинским;1447;89;0;0,00;;
бакве;1;-;0;0,00;;
баланте;4;-;0;0,00;;
балийским;4;-;0;0,00;;
бамана ;18;-;0;0,00;;
банту;5;-;0;0,00;;
бартангским ;2;-;0;0,00;;
баскским;9;1;0;0,00;;
бауле;1;-;0;0,00;;
башкирским;1152404;28534;1;0,83;;
бежтинским;6072;742;0;0,00;;
белорусским;173980;706;0;0,13;;
белуджским ;26;1;0;0,00;;
бельгийским;144;2;0;0,00;;
бемба ;42;-;0;0,00;;
бенгали ;393;2;0;0,00;;
бенинским;4;-;0;0,00;;
берберским;63;1;0;0,00;;
бирманским;338;8;0;0,00;;
бихарским;1;-;0;0,00;;
болгарским;22906;66;0;0,02;;
ботлихским;206;15;0;0,00;;
бретонским;7;-;0;0,00;;
бурятским;218557;3951;0;0,16;;
ваи;1;-;0;0,00;;
валлийским ;16;-;0;0,00;;
ваханским;8;-;0;0,00;;
венгерским;6888;28;0;0,00;;
вепсским;3613;13;0;0,00;;
водским ;68;3;0;0,00;;
волоф;5;-;0;0,00;;
вьетнамским;10148;1564;0;0,01;;
гавайским;12;-;0;0,00;;
гагаузским;5917;13;0;0,00;;
гаитянским;4;-;0;0,00;;
гинухским;5;-;0;0,00;;
годоберинским;128;15;0;0,00;;
горномарийским;23062;800;0;0,02;;
греческим ;42518;216;0;0,03;;
грузинским;170659;917;0;0,12;;
гуарани;4;-;0;0,00;;
гунзибским;1012;91;0;0,00;;
дагестанским;10228;138;0;0,01;;
даргинским;485705;36257;0;0,35;;
дари ;952;31;0;0,00;;
датским;1419;1;0;0,00;;
даурским ;5;-;0;0,00;;
диула ;2;-;0;0,00;;
долганским;1054;8;0;0,00;;
дунганским;502;23;0;0,00;;
еврейским;5820;45;0;0,00;;
зулу ;25;-;0;0,00;;
иврит ;18822;139;0;0,01;;
идиш;1683;16;0;0,00;;
идо;9;-;0;0,00;;
ижорским;123;-;0;0,00;;
ингушским ;305868;22626;0;0,22;;
индонезийским ;515;1;0;0,00;;
ирландским ;208;-;0;0,00;;
исландским;233;3;0;0,00;;
испанским ;152147;576;0;0,11;;
итальянским ;83202;311;0;0,06;;
ительменским ;82;-;0;0,00;;
йоруба;24;-;0;0,00;;
кабардино-черкесским ;515672;27079;0;0,37;;
казахским;401455;5833;0;0,29;;
калмыцким ;80546;222;0;0,06;;
кантонским ;8;-;0;0,00;;
караимским;3;-;0;0,00;;
каракалпакским;867;15;0;0,00;;
каратинским ;255;4;0;0,00;;
карачаево-балкарским;305364;10899;0;0,22;;
карельским;25605;44;0;0,02;;
кашмири;15;-;0;0,00;;
керекским;10;-;0;0,00;;
кетским ;213;1;0;0,00;;
кечуа ;4;-;0;0,00;;
кикуйю;5;-;0;0,00;;
киргизским ;80306;2464;0;0,06;;
кистинским;244;5;0;0,00;;
китайским;70722;4112;0;0,05;;
коми ;156099;1999;0;0,11;;
коми-пермяцким ;63106;837;0;0,05;;
конголезским;14;-;0;0,00;;
корейским;42384;2374;0;0,03;;
корякским ;1665;7;0;0,00;;
креоль ;14;-;0;0,00;;
креольским;27;-;0;0,00;;
криолу;2;-;0;0,00;;
криольским;28;-;0;0,00;;
крызским ;8;-;0;0,00;;
крымскотатарским ;308;-;0;0,00;;
крымчакским;2;-;0;0,00;;
кумандинским ;738;11;0;0,00;;
кумыкским ;426212;25014;0;0,31;;
курдским ;34699;959;0;0,03;;
кхмерским ;141;1;0;0,00;;
лазским ;25;-;0;0,00;;
лакским ;145895;5394;0;0,11;;
ланкийским;27;-;0;0,00;;
лаосским ;125;-;0;0,00;;
латинским ;40200;94;0;0,03;;
латышским ;22079;97;0;0,02;;
лезгинским;402173;25039;0;0,29;;
лингала;38;-;0;0,00;;
литовским ;31295;135;0;0,02;;
лугово-восточным марийским ;189;-;0;0,00;;
люксембургским ;8;-;0;0,00;;
македонским;507;2;0;0,00;;
малагасийским ;26;-;0;0,00;;
малайским ;1221;4;0;0,00;;
малинке ;3;-;0;0,00;;
мальдивским;34;1;0;0,00;;
мансийским ;938;6;0;0,00;;
маньчжурским ;11;-;0;0,00;;
маори;3;-;0;0,00;;
марийским;365127;5788;0;0,26;;
масаи;3;-;0;0,00;;
мегрельским ;1529;2;0;0,00;;
мокша-мордовским ;2025;6;0;0,00;;
молдавским ;96061;576;0;0,07;;
монгольским;8829;183;0;0,01;;
монегаскским;2;-;0;0,00;;
мордовским;392941;1975;0;0,28;;
нама;5;-;0;0,00;;
нанайским;1347;16;0;0,00;;
нганасанским ;125;1;0;0,00;;
негидальским;74;-;0;0,00;;
немецким ;2069949;10582;1;1,50;;
ненецким;21926;2354;0;0,02;;
непали ;122;2;0;0,00;;
ниасским ;1;-;0;0,00;;
нивхским;198;2;0;0,00;;
нигерийским;89;2;0;0,00;;
нидерландским ;3356;16;0;0,00;;
ногайским ;87119;3565;0;0,06;;
ногайско-карагашским;34;-;0;0,00;;
норвежским;4928;8;0;0,00;;
нуба;2;-;0;0,00;;
нуристани ;1;-;0;0,00;;
ньянджа ;14;-;0;0,00;;
оромо;4;-;0;0,00;;
орочским;8;-;0;0,00;;
осетинским ;451431;10674;0;0,33;;
пакистанским;187;1;0;0,00;;
памирским;559;3;0;0,00;;
панджаби ;50;-;0;0,00;;
персидским;13073;73;0;0,01;;
польским;67446;175;0;0,05;;
португальским ;11207;73;0;0,01;;
пушту ;4649;127;0;0,00;;
ретороманским;5;-;0;0,00;;
руанда;11;-;0;0,00;;
румынским;21201;87;0;0,02;;
русинским ;121;1;0;0,00;;
русским ;137494893;111482202;96;99,41;;
  русским жестовым языком глухих;120528;44;0;0,09;;
рутульским ;30360;1956;0;0,02;;
рушанским ;2;-;0;0,00;;
саамским;353;1;0;0,00;;
самоанским;5;-;0;0,00;;
санго;3;-;0;0,00;;
сара;2;-;0;0,00;;
сванским;71;-;0;0,00;;
селькупским;1023;14;0;0,00;;
сербскохорватским;11043;63;0;0,01;;
сесото;1;-;0;0,00;;
сетсвана;4;-;0;0,00;;
сималур ;1;-;0;0,00;;
сингальским;157;7;0;0,00;;
синдхи;7;-;0;0,00;;
сиреникским ;5;-;0;0,00;;
словацким;1445;1;0;0,00;;
словенским;2023;7;0;0,00;;
сомали;44;-;0;0,00;;
суахили;739;-;0;0,00;;
суринамским;1;-;0;0,00;;
табасаранским;126136;10346;0;0,09;;
тагальским;123;2;0;0,00;;
таджикским ;141938;5204;0;0,10;;
тайским ;588;9;0;0,00;;
талышским;3402;16;0;0,00;;
тамильским;388;3;0;0,00;;
татарским ;4280718;120861;3;3,09;;
татским ;2012;7;0;0,00;;
телеутским;975;2;0;0,00;;
темне;1;-;0;0,00;;
тибетским;513;2;0;0,00;;
тигре;1;-;0;0,00;;
тигринья;9;-;0;0,00;;
тиндальским ;2152;372;0;0,00;;
тонганским;6;-;0;0,00;;
тофаларским ;93;1;0;0,00;;
тубаларским ;229;-;0;0,00;;
тувинским ;253673;41540;0;0,18;;
турецким ;146363;4298;0;0,11;;
туркменским ;30767;541;0;0,02;;
тюркским;2025;6;0;0,00;;
удинским ;2266;13;0;0,00;;
удмуртским ;324338;4555;0;0,23;;
удэгейским ;103;1;0;0,00;;
узбекским;273451;8902;0;0,20;;
уйгурским ;1049;6;0;0,00;;
уйльта;47;-;0;0,00;;
украинским ;1129838;4851;1;0,82;;
ульчским;154;-;0;0,00;;
урду;522;2;0;0,00;;
фанг;15;-;0;0,00;;
фиджийским ;5;-;0;0,00;;
финским ;38873;204;0;0,03;;
фон;9;-;0;0,00;;
французским ;616394;2555;0;0,45;;
фризским;3;-;0;0,00;;
фула ;3;-;0;0,00;;
хакасским;42604;778;0;0,03;;
хантыйским ;9584;187;0;0,01;;
харари;12;-;0;0,00;;
хауса;29;-;0;0,00;;
хваршинским ;1737;199;0;0,00;;
хинди ;6331;56;0;0,00;;
хири-моту;1;-;0;0,00;;
цахурским ;10596;657;0;0,01;;
цезским ;12467;2378;0;0,01;;
цыганским ;128197;4260;0;0,09;;
чамалинским ;500;28;0;0,00;;
челканским ;310;-;0;0,00;;
чеченским ;1354705;108093;1;0,98;;
чешским;13074;32;0;0,01;;
чувашским;1042989;19738;1;0,75;;
чукотским;5095;37;0;0,00;;
чулымско-тюркским ;44;-;0;0,00;;
шведским;7395;14;0;0,01;;
шона;3;-;0;0,00;;
шорским;2839;21;0;0,00;;
шугнанским ;34;-;0;0,00;;
эве;9;-;0;0,00;;
эвенкийским;4802;27;0;0,00;;
эвенским;5656;96;0;0,00;;
эдо;1;-;0;0,00;;
энецким;43;-;0;0,00;;
эрзя-мордовским ;36726;363;0;0,03;;
эскимосским;508;1;0;0,00;;
эсперанто;992;1;0;0,00;;
эстонским;15583;71;0;0,01;;
югским ;1;-;0;0,00;;
юитским;4;-;0;0,00;;
юкагирским ;370;1;0;0,00;;
юртовско-татарским ;31;-;0;0,00;;
ягнобским;1;-;0;0,00;;
язгулемским;7;-;0;0,00;;
якутским ;450140;47955;0;0,33;;
японским ;33855;127;0;0,02;;
другими языками (не перечисленными выше);17168;388;0;0,01;;
